c PicoSAT SAT Solver Version 965
c Copyright (c) 2006 - 2014 Armin Biere JKU Linz
c gcc -g -O2 -fdebug-prefix-map=/build/picosat-jdRevn/picosat-965=. -fstack-protector-strong -Wformat -Werror=format-security
c
c using 2 as default phase
c
c parsing infile.cnf
c parsed header 'p cnf 441 371038'
c initialized 441 variables
c found 371038 non trivial clauses
c
c random number generator seed 0
c 
c  seconds     variables   original    learned     agility
c         level        used      conflicts    limit          MB
c 
c s   0.4   0.0   301  95.7 355e3    32    18     0   0.0  42.2 
c 
c initial reduction limit 1000 clauses
c 
c +   0.4  27.1   301  97.5 355e3   132   117  1100   3.3  42.2 
c R   0.4  27.1   301  97.5 355e3   133   118  1100   3.3  42.2 
c +   0.4  30.7   301  97.5 355e3   253   238  1210   6.6  42.2 
c +   0.5  43.4   301  97.5 355e3   399   383  1331   7.3  42.3 
c R   0.5  44.8   301  97.5 355e3   433   417  1331   7.5  42.3 
c +   0.6  45.8   301  97.5 355e3   575   558  1464   8.8  42.4 
c +   0.7  42.3   301  98.4 355e3   787   769  1610   8.0  42.4 
c +   0.8  39.6   301  99.1 355e3  1043  1025  1771   8.3  42.5 
c 1   0.8  39.2   301  99.1 355e3  1092  1073  1771   8.3  42.6 
c 
c  seconds     variables   original    learned     agility
c         level        used      conflicts    limit          MB
c 
s SATISFIABLE
v 1 2 3 -4 -5 -6 7 8 -9 10 11 12 -13 -14 -15 16 -17 18 -19 -20 21 22 -23 -24
v -25 -26 -27 -28 -29 -30 -31 -32 -33 -34 -35 -36 -37 -38 -39 -40 -41 -42 -43
v -44 -45 -46 -47 -48 -49 -50 -51 52 -53 -54 -55 -56 -57 -58 -59 -60 -61 -62
v -63 -64 -65 66 -67 -68 -69 -70 -71 -72 -73 -74 -75 -76 -77 -78 -79 -80 -81
v -82 -83 -84 -85 -86 -87 -88 -89 -90 -91 -92 -93 -94 -95 96 -97 -98 -99 -100
v -101 -102 -103 -104 -105 -106 -107 -108 -109 -110 -111 -112 -113 114 -115
v -116 -117 -118 -119 -120 -121 -122 -123 -124 125 -126 -127 -128 -129 -130
v -131 -132 -133 -134 -135 -136 -137 -138 -139 -140 -141 -142 -143 -144 -145
v -146 -147 -148 -149 -150 -151 -152 -153 -154 -155 -156 -157 -158 -159 -160
v -161 162 -163 -164 -165 -166 -167 -168 -169 -170 -171 -172 -173 -174 -175
v -176 -177 -178 -179 180 -181 -182 -183 -184 -185 -186 -187 -188 -189 -190
v -191 -192 -193 -194 -195 -196 197 -198 -199 -200 -201 -202 -203 204 -205 -206
v -207 -208 -209 -210 -211 -212 -213 -214 -215 -216 -217 -218 -219 -220 -221
v -222 -223 -224 -225 -226 -227 -228 -229 -230 -231 -232 -233 -234 -235 -236
v -237 -238 239 -240 -241 -242 -243 -244 -245 -246 247 -248 -249 -250 -251 -252
v -253 -254 -255 -256 -257 -258 -259 -260 -261 -262 -263 -264 -265 -266 -267
v -268 -269 -270 271 -272 -273 -274 -275 -276 -277 -278 -279 -280 -281 -282
v -283 -284 -285 -286 -287 -288 -289 -290 -291 -292 293 -294 -295 -296 -297
v -298 -299 -300 -301 -302 -303 -304 -305 -306 -307 -308 -309 -310 -311 -312
v -313 -314 -315 -316 -317 318 -319 -320 -321 -322 -323 -324 -325 -326 -327
v -328 -329 330 -331 -332 -333 -334 -335 -336 -337 -338 -339 -340 -341 -342
v -343 -344 -345 -346 -347 -348 349 -350 -351 -352 -353 -354 -355 -356 -357
v -358 -359 -360 -361 -362 -363 -364 -365 -366 -367 -368 -369 -370 -371 -372
v -373 -374 375 -376 -377 -378 -379 -380 -381 -382 -383 -384 -385 -386 -387
v -388 -389 -390 -391 -392 -393 -394 -395 -396 -397 -398 -399 -400 401 -402
v -403 -404 -405 -406 -407 408 -409 -410 -411 -412 -413 -414 -415 -416 -417
v -418 -419 -420 -421 -422 -423 -424 -425 -426 -427 -428 -429 -430 -431 -432
v -433 -434 -435 -436 -437 -438 -439 -440 -441 0
c
c 0 iterations
c 6 restarts
c 32 failed literals
c 1092 conflicts
c 2829 decisions
c 140 fixed variables
c 44923 learned literals
c 12.2% deleted literals
c 123251 propagations
c 18390436 visits
c 99.1% variables used
c 0.8 seconds in library
c 0.2 megaprops/second
c 23.0 megavisits/second
c probing 0.1 seconds 9%
c 1 simplifications
c 0 reductions
c 0.0 MB recycled
c 42.6 MB maximally allocated
c 0.8 seconds total run time
