c PicoSAT SAT Solver Version 965
c Copyright (c) 2006 - 2014 Armin Biere JKU Linz
c x86_64-linux-gnu-gcc -g -O2 -ffile-prefix-map=/build/picosat-gXnVAd/picosat-965=. -fstack-protector-strong -Wformat -Werror=format-security
c
c using 2 as default phase
c
c parsing infile.cnf
c parsed header 'p cnf 6658 456092'
c initialized 6658 variables
c found 456092 non trivial clauses
c
c random number generator seed 0
c 
c  seconds     variables   original    learned     agility
c         level        used      conflicts    limit          MB
c 
c s   0.1   0.0  6658   0.0 196e3     0     0     0   0.0  22.2 
c 
c initial reduction limit 1000 clauses
c 
c +   0.1 118e1  6658   7.6 196e3   100   100  1100   5.4  22.5 
c R   0.1 118e1  6658   7.6 196e3   102   102  1100   5.8  22.5 
c +   0.1 908.9  6658  17.6 196e3   221   221  1210   6.7  22.6 
c +   0.2 836.3  6658  21.1 196e3   367   367  1331   6.0  22.9 
c R   0.2 823.1  6658  21.4 196e3   403   403  1331   5.9  23.0 
c +   0.2 724.7  6658  24.7 196e3   543   543  1464   6.5  23.3 
c +   0.2 671.7  6658  26.9 196e3   755   755  1610   7.8  23.8 
c +   0.2 621.9  6658  29.4 196e3  1011  1011  1771   3.3  24.6 
c R   0.3 621.9  6658  29.6 196e3  1205  1205  1771   4.3  25.3 
c +   0.3 593.5  6658  30.7 196e3  1320  1320  1948   7.4  25.7 
c +   0.3 561.9  6658  31.2 196e3  1693  1693  2142   4.8  26.9 
c +   0.3 540.9  6658  31.4 196e3  2144  2144  2356   6.7  28.4 
c +   0.4 523.0  6658  32.4 196e3  2689  1488  2591   5.8  25.6 
c R   0.4 508.4  6658  32.7 196e3  3220  2019  2591   6.3  27.3 
c +   0.4 496.5  6658  33.6 196e3  3348  2147  2850   5.7  27.7 
c +   0.5 476.0  6658  35.6 196e3  4145  1513  3135   6.9  25.0 
c +   0.6 456.0  6658  36.6 196e3  5109  2477  3448   5.7  27.3 
c +   0.7 497.5  6658  36.6 196e3  6275  1899  3792   7.1  25.6 
c +   0.8 505.3  6658  36.6 196e3  7685  3309  4171   8.2  30.5 
c R   0.9 507.7  6658  36.6 196e3  8043  3667  4171   7.3  31.7 
c 
c  seconds     variables   original    learned     agility
c         level        used      conflicts    limit          MB
c 
c +   1.0 507.9  6658  36.6 196e3  9391  2928  4588   6.1  28.3 
c +   1.2 494.0  6658  36.7 196e3 11455  2660  5046   6.1  26.7 
c +   1.5 485.7  6658  36.7 196e3 13952  2623  5550   6.5  26.4 
c +   1.7 492.3  6658  36.8 196e3 16973  2864  6105   8.3  26.7 
c R   1.9 508.8  6658  36.8 196e3 19287  5178  6105   5.9  34.8 
c +   2.0 509.5  6658  36.8 196e3 20628  3456  6715   6.0  27.9 
c +   2.5 499.4  6658  36.8 196e3 25050  4511  7386   5.6  30.5 
c +   3.0 512.8  6658  36.8 196e3 30400  6156  8124   5.1  35.6 
c +   3.6 507.1  6658  36.8 196e3 36873  4425  8936   6.3  29.0 
c +   4.6 509.2  6658  36.8 196e3 44705  7751  9829   5.5  43.5 
c R   4.6 509.3  6658  36.8 196e3 44979  8025  9829   8.2  44.9 
c +   5.7 513.7  6658  36.8 196e3 54181  7351 10811   5.9  37.7 
c +   6.9 513.0  6658  36.8 196e3 65646  7946 11892   5.5  37.1 
c +   8.4 508.6  6658  36.9 196e3 79518  9857 13081   6.7  42.1 
c +  10.3 505.3  6658  36.9 196e3 96303  6896 14389   6.3  31.4 
c R  10.8 499.5  6658  36.9 196e3 102e3 13351 14389   6.8  48.5 
c +  12.4 504.5  6658  36.9 196e3 116e3 12796 15827   6.8  49.6 
c +  15.5 509.3  6658  37.0 196e3 141e3 13459 17409   6.2  52.5 
c +  19.3 516.9  6658  37.0 196e3 170e3 16998 19149   6.6  65.0 
c +  24.4 524.0  6658  37.1 196e3 206e3 14609 21063   6.2  53.4 
c R  27.8 526.2  6658  37.1 196e3 231e3 17679 21063   9.6  61.5 
c +  30.0 524.2  6658  37.1 196e3 250e3 15883 23169   5.1  53.1 
c 
c  seconds     variables   original    learned     agility
c         level        used      conflicts    limit          MB
c 
c +  37.0 526.0  6658  37.1 196e3 303e3 22053 25485   6.9  75.9 
